mm	448;617	0	0	0	0	60s	100	1	8001
mm	447;532	0	0	0	0	60s	100	1	8001
mm	456;445	0	0	0	0	60s	100	1	8001
mm	467;399	0	0	0	0	60s	100	1	8001
mm	480;472	0	0	0	0	60s	100	1	8001
mm	426;599	0	0	0	0	60s	100	1	8001
mm	261;502	0	0	0	0	60s	100	1	8002
mm	202;407	0	0	0	0	60s	100	1	8002
mm	168;340	0	0	0	0	60s	100	1	8002
mm	173;477	0	0	0	0	60s	100	1	8002
mm	174;469	0	0	0	0	60s	100	1	8002
mm	166;374	0	0	0	0	60s	100	1	8002
mm	193;469	0	0	0	0	60s	100	1	8002
mm	220;527	0	0	0	0	60s	100	1	8002
mm	150;517	0	0	0	0	60s	100	1	8002
mm	104;587	0	0	0	0	60s	100	1	8002
mm	229;485	0	0	0	0	60s	100	1	8002
mm	204;428	0	0	0	0	60s	100	1	8002
mm	175;433	0	0	0	0	60s	100	1	8002
mm	212;466	0	0	0	0	60s	100	1	8002
mm	298;413	0	0	0	0	60s	100	1	8002
mm	291;324	0	0	0	0	60s	100	1	8002
mm	232;258	0	0	0	0	60s	100	1	8002
mm	810;210	0	0	0	0	60s	100	1	8002
mm	777;126	0	0	0	0	60s	100	1	8002
mm	575;90	0	0	0	0	60s	100	1	8002
mm	580;149	0	0	0	0	60s	100	1	8002
mm	528;180	0	0	0	0	60s	100	1	8002
mm	202;158	0	0	0	0	60s	100	1	8002
mm	149;247	0	0	0	0	60s	100	1	8002
mm	199;285	0	0	0	0	60s	100	1	8002
mm	229;217	0	0	0	0	60s	100	1	8002
mm	411;934	0	0	0	0	60s	100	1	8002
mm	513;973	0	0	0	0	60s	100	1	8002
mm	603;1026	0	0	0	0	60s	100	1	8002
mm	521;953	0	0	0	0	60s	100	1	8002
mm	451;916	0	0	0	0	60s	100	1	8002
mm	398;858	0	0	0	0	60s	100	1	8002
mm	376;796	0	0	0	0	60s	100	1	8002
mm	372;755	0	0	0	0	60s	100	1	8002
mm	398;693	0	0	0	0	60s	100	1	8002
mm	414;657	0	0	0	0	60s	100	1	8002
mm	444;584	0	0	0	0	60s	100	1	8002
mm	447;548	0	0	0	0	60s	100	1	8002
mm	460;478	0	0	0	0	60s	100	1	8002
mm	491;397	0	0	0	0	60s	100	1	8002
mm	497;383	0	0	0	0	60s	100	1	8002
mm	473;452	0	0	0	0	60s	100	1	8002
mm	449;399	0	0	0	0	60s	100	1	8002
mm	847;761	0	0	0	0	60s	100	1	8002
mm	854;703	0	0	0	0	60s	100	1	8002
mm	849;646	0	0	0	0	60s	100	1	8002
mm	832;596	0	0	0	0	60s	100	1	8002
mm	826;547	0	0	0	0	60s	100	1	8002
mm	826;502	0	0	0	0	60s	100	1	8002
mm	834;452	0	0	0	0	60s	100	1	8002
mm	860;403	0	0	0	0	60s	100	1	8002
mm	885;367	0	0	0	0	60s	100	1	8002
mm	207;508	0	0	0	0	60s	100	1	8003
mm	287;492	0	0	0	0	60s	100	1	8003
mm	290;422	0	0	0	0	60s	100	1	8003
mm	276;378	0	0	0	0	60s	100	1	8003
mm	298;303	0	0	0	0	60s	100	1	8003
mm	320;275	0	0	0	0	60s	100	1	8003
mm	354;267	0	0	0	0	60s	100	1	8003
mm	332;322	0	0	0	0	60s	100	1	8003
mm	476;449	0	0	0	0	60s	100	1	8003
mm	466;519	0	0	0	0	60s	100	1	8003
mm	454;553	0	0	0	0	60s	100	1	8003
mm	448;588	0	0	0	0	60s	100	1	8003
mm	459;631	0	0	0	0	60s	100	1	8003
mm	428;562	0	0	0	0	60s	100	1	8003
mm	442;511	0	0	0	0	60s	100	1	8003
mm	453;467	0	0	0	0	60s	100	1	8003
mm	462;607	0	0	0	0	60s	100	1	8003
mm	412;635	0	0	0	0	60s	100	1	8003
mm	398;715	0	0	0	0	60s	100	1	8003
mm	372;757	0	0	0	0	60s	100	1	8003
mm	388;824	0	0	0	0	60s	100	1	8003
mm	477;892	0	0	0	0	60s	100	1	8003
mm	523;921	0	0	0	0	60s	100	1	8003
mm	559;961	0	0	0	0	60s	100	1	8003
mm	545;989	0	0	0	0	60s	100	1	8003
mm	497;975	0	0	0	0	60s	100	1	8003
mm	447;946	0	0	0	0	60s	100	1	8003
mm	431;963	0	0	0	0	60s	100	1	8003
mm	513;979	0	0	0	0	60s	100	1	8003
mm	486;925	0	0	0	0	60s	100	1	8003
mm	498;906	0	0	0	0	60s	100	1	8003
mm	502;892	0	0	0	0	60s	100	1	8003
mm	457;866	0	0	0	0	60s	100	1	8003
mm	398;821	0	0	0	0	60s	100	1	8003
mm	369;851	0	0	0	0	60s	100	1	8003
mm	351;905	0	0	0	0	60s	100	1	8003
mm	342;982	0	0	0	0	60s	100	1	8003
mm	343;939	0	0	0	0	60s	100	1	8003
mm	373;898	0	0	0	0	60s	100	1	8003
mm	382;860	0	0	0	0	60s	100	1	8003
mm	99;1083	0	0	0	0	60s	100	1	8003
mm	92;1067	0	0	0	0	60s	100	1	8003
mm	113;1016	0	0	0	0	60s	100	1	8003
mm	145;1015	0	0	0	0	60s	100	1	8003
mm	111;1070	0	0	0	0	60s	100	1	8003
mm	103;1038	0	0	0	0	60s	100	1	8003
mm	103;1007	0	0	0	0	60s	100	1	8003
mm	126;950	0	0	0	0	60s	100	1	8003
mm	170;845	0	0	0	0	60s	100	1	8003
mm	185;831	0	0	0	0	60s	100	1	8003
mm	159;789	0	0	0	0	60s	100	1	8003
mm	132;728	0	0	0	0	60s	100	1	8003
mm	131;670	0	0	0	0	60s	100	1	8003
mm	145;587	0	0	0	0	60s	100	1	8003
mm	161;500	0	0	0	0	60s	100	1	8003
mm	201;435	0	0	0	0	60s	100	1	8003
mm	316;322	0	0	0	0	60s	100	1	8003
mm	327;289	0	0	0	0	60s	100	1	8003
mm	237;288	0	0	0	0	60s	100	1	8003
mm	301;196	0	0	0	0	60s	100	1	8003
mm	509;192	0	0	0	0	60s	100	1	8003
mm	601;125	0	0	0	0	60s	100	1	8003
mm	675;77	0	0	0	0	60s	100	1	8003
mm	733;97	0	0	0	0	60s	100	1	8003
mm	665;112	0	0	0	0	60s	100	1	8003
mm	630;116	0	0	0	0	60s	100	1	8003
mm	836;146	0	0	0	0	60s	100	1	8003
mm	873;212	0	0	0	0	60s	100	1	8003
mm	913;261	0	0	0	0	60s	100	1	8003
mm	934;225	0	0	0	0	60s	100	1	8003
mm	861;188	0	0	0	0	60s	100	1	8003
mm	916;914	0	0	0	0	60s	100	1	8003
mm	858;863	0	0	0	0	60s	100	1	8003
mm	806;827	0	0	0	0	60s	100	1	8003
mm	894;973	0	0	0	0	60s	100	1	8003
mm	916;1037	0	0	0	0	60s	100	1	8003
mm	936;1019	0	0	0	0	60s	100	1	8003
mm	913;912	0	0	0	0	60s	100	1	8003
mm	913;849	0	0	0	0	60s	100	1	8003
mm	915;790	0	0	0	0	60s	100	1	8003
mm	896;755	0	0	0	0	60s	100	1	8003
mm	900;806	0	0	0	0	60s	100	1	8003
mm	922;914	0	0	0	0	60s	100	1	8003
mm	886;980	0	0	0	0	60s	100	1	8003
mm	889;1019	0	0	0	0	60s	100	1	8003
mm	914;1032	0	0	0	0	60s	100	1	8003
mm	927;972	0	0	0	0	60s	100	1	8003
mm	920;898	0	0	0	0	60s	100	1	8003
mm	857;850	0	0	0	0	60s	100	1	8003
mm	829;810	0	0	0	0	60s	100	1	8003
mm	839;767	0	0	0	0	60s	100	1	8003
mm	861;739	0	0	0	0	60s	100	1	8003
mm	878;745	0	0	0	0	60s	100	1	8003
mm	862;679	0	0	0	0	60s	100	1	8003
mm	846;613	0	0	0	0	60s	100	1	8003
mm	842;557	0	0	0	0	60s	100	1	8003
mm	839;478	0	0	0	0	60s	100	1	8003
mm	834;478	0	0	0	0	60s	100	1	8003
mm	809;575	0	0	0	0	60s	100	1	8003
mm	825;681	0	0	0	0	60s	100	1	8003
mm	880;743	0	0	0	0	60s	100	1	8004
mm	769;753	0	0	0	0	60s	100	1	8004
mm	784;764	0	0	0	0	60s	100	1	8004
mm	911;838	0	0	0	0	60s	100	1	8004
mm	912;849	0	0	0	0	60s	100	1	8004
mm	883;829	0	0	0	0	60s	100	1	8004
mm	737;1004	0	0	0	0	60s	100	1	8004
mm	754;987	0	0	0	0	60s	100	1	8004
mm	707;958	0	0	0	0	60s	100	1	8004
mm	591;961	0	0	0	0	60s	100	1	8004
mm	561;919	0	0	0	0	60s	100	1	8004
mm	492;871	0	0	0	0	60s	100	1	8004
mm	430;891	0	0	0	0	60s	100	1	8004
mm	495;969	0	0	0	0	60s	100	1	8004
mm	518;1011	0	0	0	0	60s	100	1	8004
mm	472;974	0	0	0	0	60s	100	1	8004
mm	461;928	0	0	0	0	60s	100	1	8004
mm	392;852	0	0	0	0	60s	100	1	8004
mm	368;805	0	0	0	0	60s	100	1	8004
mm	353;764	0	0	0	0	60s	100	1	8004
mm	363;736	0	0	0	0	60s	100	1	8004
mm	401;649	0	0	0	0	60s	100	1	8004
mm	418;626	0	0	0	0	60s	100	1	8004
mm	448;601	0	0	0	0	60s	100	1	8004
mm	382;701	0	0	0	0	60s	100	1	8004
mm	359;715	0	0	0	0	60s	100	1	8004
mm	327;739	0	0	0	0	60s	100	1	8004
mm	439;643	0	0	0	0	60s	100	1	8004
mm	436;548	0	0	0	0	60s	100	1	8004
mm	450;500	0	0	0	0	60s	100	1	8004
mm	467;459	0	0	0	0	60s	100	1	8004
mm	484;406	0	0	0	0	60s	100	1	8004
mm	485;389	0	0	0	0	60s	100	1	8004
mm	479;391	0	0	0	0	60s	100	1	8004
mm	250;491	0	0	0	0	60s	100	1	8004
mm	238;437	0	0	0	0	60s	100	1	8004
mm	243;346	0	0	0	0	60s	100	1	8004
mm	239;289	0	0	0	0	60s	100	1	8004
mm	233;230	0	0	0	0	60s	100	1	8004
mm	254;173	0	0	0	0	60s	100	1	8004
mm	255;144	0	0	0	0	60s	100	1	8004
mm	196;135	0	0	0	0	60s	100	1	8004
mm	255;107	0	0	0	0	60s	100	1	8004
mm	286;97	0	0	0	0	60s	100	1	8004
mm	583;113	0	0	0	0	60s	100	1	8004
mm	639;78	0	0	0	0	60s	100	1	8004
mm	777;114	0	0	0	0	60s	100	1	8004
mm	832;140	0	0	0	0	60s	100	1	8004
mm	886;199	0	0	0	0	60s	100	1	8004
mm	932;216	0	0	0	0	60s	100	1	8004
mm	897;265	0	0	0	0	60s	100	1	8004
mm	756;180	0	0	0	0	60s	100	1	8004
mm	741;161	0	0	0	0	60s	100	1	8004
mm	754;234	0	0	0	0	60s	100	1	8004
mm	794;226	0	0	0	0	60s	100	1	8004
mm	832;246	0	0	0	0	60s	100	1	8004
mm	878;265	0	0	0	0	60s	100	1	8004
mm	903;303	0	0	0	0	60s	100	1	8004
mm	895;367	0	0	0	0	60s	100	1	8004
mm	874;429	0	0	0	0	60s	100	1	8004
mm	826;509	0	0	0	0	60s	100	1	8004
mm	838;607	0	0	0	0	60s	100	1	8004
mm	878;715	0	0	0	0	60s	100	1	8004
mm	904;793	0	0	0	0	60s	100	1	8004
mm	876;843	0	0	0	0	60s	100	1	8004
mm	830;853	0	0	0	0	60s	100	1	8004
mm	814;642	0	0	0	0	60s	100	1	8004
mm	821;571	0	0	0	0	60s	100	1	8004
mm	838;538	0	0	0	0	60s	100	1	8004
mm	616;896	0	0	0	0	60s	100	1	8004
mm	577;879	0	0	0	0	60s	100	1	8004
mm	529;854	0	0	0	0	60s	100	1	8004
mm	547;889	0	0	0	0	60s	100	1	8004
mm	594;922	0	0	0	0	60s	100	1	8004
mm	603;961	0	0	0	0	60s	100	1	8004
mm	539;1001	0	0	0	0	60s	100	1	8004
mm	295;1107	0	0	0	0	60s	100	1	8004
mm	272;1083	0	0	0	0	60s	100	1	8004
mm	268;1040	0	0	0	0	60s	100	1	8004
mm	261;1031	0	0	0	0	60s	100	1	8004
mm	272;1129	0	0	0	0	60s	100	1	8004
mm	294;1140	0	0	0	0	60s	100	1	8004
mm	184;898	0	0	0	0	60s	100	1	8004
mm	193;857	0	0	0	0	60s	100	1	8004
mm	204;843	0	0	0	0	60s	100	1	8004
mm	132;823	0	0	0	0	60s	100	1	8004
mm	140;656	0	0	0	0	60s	100	1	8004
mm	123;635	0	0	0	0	60s	100	1	8004
mm	79;611	0	0	0	0	60s	100	1	8004
mm	111;646	0	0	0	0	60s	100	1	8004
mm	150;694	0	0	0	0	60s	100	1	8004
mm	160;412	0	0	0	0	60s	100	1	8004
mm	187;385	0	0	0	0	60s	100	1	8004
mm	237;366	0	0	0	0	60s	100	1	8004
mm	264;348	0	0	0	0	60s	100	1	8004
mm	220;328	0	0	0	0	60s	100	1	8004
mm	221;292	0	0	0	0	60s	100	1	8004
mm	177;224	0	0	0	0	60s	100	1	8004
mm	196;214	0	0	0	0	60s	100	1	8004
mm	238;216	0	0	0	0	60s	100	1	8004
mm	232;257	0	0	0	0	60s	100	1	8004
mm	188;260	0	0	0	0	60s	100	1	8004
mm	185;247	0	0	0	0	60s	100	1	8004
mm	329;182	0	0	0	0	60s	100	1	8004
mm	374;191	0	0	0	0	60s	100	1	8004
mm	438;217	0	0	0	0	60s	100	1	8004
mm	388;192	0	0	0	0	60s	100	1	8004
mm	385;143	0	0	0	0	60s	100	1	8004
mm	422;135	0	0	0	0	60s	100	1	8004
mm	450;183	0	0	0	0	60s	100	1	8004
mm	431;193	0	0	0	0	60s	100	1	8004
mm	400;192	0	0	0	0	60s	100	1	8004
mm	432;206	0	0	0	0	60s	100	1	8004
mm	433;165	0	0	0	0	60s	100	1	8004
mm	411;139	0	0	0	0	60s	100	1	8004
mm	390;166	0	0	0	0	60s	100	1	8004
mm	292;143	0	0	0	0	60s	100	1	8004
mm	279;116	0	0	0	0	60s	100	1	8004
