mm	478;665	0	0	0	0	60s	100	1	8001
mm	455;643	0	0	0	0	60s	100	1	8001
mm	459;611	0	0	0	0	60s	100	1	8001
mm	479;585	0	0	0	0	60s	100	1	8001
mm	482;551	0	0	0	0	60s	100	1	8001
mm	450;536	0	0	0	0	60s	100	1	8001
mm	438;567	0	0	0	0	60s	100	1	8001
mm	412;570	0	0	0	0	60s	100	1	8001
mm	373;531	0	0	0	0	60s	100	1	8001
mm	357;564	0	0	0	0	60s	100	1	8001
mm	392;573	0	0	0	0	60s	100	1	8001
mm	421;635	0	0	0	0	60s	100	1	8001
mm	372;638	0	0	0	0	60s	100	1	8001
mm	325;636	0	0	0	0	60s	100	1	8001
mm	355;646	0	0	0	0	60s	100	1	8001
mm	445;647	0	0	0	0	60s	100	1	8001
mm	452;662	0	0	0	0	60s	100	1	8001
mm	399;735	0	0	0	0	60s	100	1	8001
mm	373;771	0	0	0	0	60s	100	1	8001
mm	370;730	0	0	0	0	60s	100	1	8001
mm	443;746	0	0	0	0	60s	100	1	8001
mm	432;817	0	0	0	0	60s	100	1	8001
mm	429;860	0	0	0	0	60s	100	1	8001
mm	443;870	0	0	0	0	60s	100	1	8001
mm	356;812	0	0	0	0	60s	100	1	8001
mm	310;797	0	0	0	0	60s	100	1	8001
mm	286;767	0	0	0	0	60s	100	1	8001
mm	287;711	0	0	0	0	60s	100	1	8001
mm	284;669	0	0	0	0	60s	100	1	8001
mm	260;603	0	0	0	0	60s	100	1	8001
mm	249;547	0	0	0	0	60s	100	1	8001
mm	268;476	0	0	0	0	60s	100	1	8001
mm	277;474	0	0	0	0	60s	100	1	8001
mm	332;974	0	0	0	0	60s	100	1	8001
mm	330;1025	0	0	0	0	60s	100	1	8001
mm	409;1071	0	0	0	0	60s	100	1	8001
mm	620;1052	0	0	0	0	60s	100	1	8001
mm	548;1045	0	0	0	0	60s	100	1	8001
mm	462;1027	0	0	0	0	60s	100	1	8001
mm	415;984	0	0	0	0	60s	100	1	8001
mm	424;927	0	0	0	0	60s	100	1	8001
mm	477;915	0	0	0	0	60s	100	1	8001
mm	524;900	0	0	0	0	60s	100	1	8001
mm	506;875	0	0	0	0	60s	100	1	8001
mm	624;924	0	0	0	0	60s	100	1	8001
mm	671;913	0	0	0	0	60s	100	1	8001
mm	749;920	0	0	0	0	60s	100	1	8001
mm	815;920	0	0	0	0	60s	100	1	8001
mm	845;922	0	0	0	0	60s	100	1	8001
mm	899;999	0	0	0	0	60s	100	1	8001
mm	917;1074	0	0	0	0	60s	100	1	8001
mm	906;1059	0	0	0	0	60s	100	1	8001
mm	850;927	0	0	0	0	60s	100	1	8001
mm	827;891	0	0	0	0	60s	100	1	8001
mm	805;835	0	0	0	0	60s	100	1	8001
mm	809;789	0	0	0	0	60s	100	1	8001
mm	819;736	0	0	0	0	60s	100	1	8001
mm	844;703	0	0	0	0	60s	100	1	8001
mm	860;663	0	0	0	0	60s	100	1	8001
mm	871;637	0	0	0	0	60s	100	1	8001
mm	876;633	0	0	0	0	60s	100	1	8001
mm	904;629	0	0	0	0	60s	100	1	8001
mm	789;588	0	0	0	0	60s	100	1	8001
mm	814;558	0	0	0	0	60s	100	1	8001
mm	833;517	0	0	0	0	60s	100	1	8001
mm	845;490	0	0	0	0	60s	100	1	8001
mm	807;452	0	0	0	0	60s	100	1	8001
mm	788;419	0	0	0	0	60s	100	1	8001
mm	766;380	0	0	0	0	60s	100	1	8001
mm	756;331	0	0	0	0	60s	100	1	8001
mm	780;281	0	0	0	0	60s	100	1	8001
mm	773;137	0	0	0	0	60s	100	1	8001
mm	795;83	0	0	0	0	60s	100	1	8001
mm	778;65	0	0	0	0	60s	100	1	8001
mm	741;106	0	0	0	0	60s	100	1	8001
mm	739;145	0	0	0	0	60s	100	1	8001
mm	735;178	0	0	0	0	60s	100	1	8001
mm	698;184	0	0	0	0	60s	100	1	8001
mm	628;188	0	0	0	0	60s	100	1	8001
mm	598;204	0	0	0	0	60s	100	1	8001
mm	580;237	0	0	0	0	60s	100	1	8001
mm	555;288	0	0	0	0	60s	100	1	8001
mm	549;300	0	0	0	0	60s	100	1	8001
mm	526;338	0	0	0	0	60s	100	1	8001
mm	518;363	0	0	0	0	60s	100	1	8001
mm	498;406	0	0	0	0	60s	100	1	8001
mm	468;445	0	0	0	0	60s	100	1	8001
mm	441;471	0	0	0	0	60s	100	1	8001
mm	389;455	0	0	0	0	60s	100	1	8001
mm	344;456	0	0	0	0	60s	100	1	8001
mm	312;455	0	0	0	0	60s	100	1	8001
mm	331;273	0	0	0	0	60s	100	1	8001
mm	335;217	0	0	0	0	60s	100	1	8001
mm	338;163	0	0	0	0	60s	100	1	8001
mm	322;136	0	0	0	0	60s	100	1	8001
mm	310;200	0	0	0	0	60s	100	1	8001
mm	357;214	0	0	0	0	60s	100	1	8001
mm	554;198	0	0	0	0	60s	100	1	8001
mm	622;173	0	0	0	0	60s	100	1	8001
mm	693;418	0	0	0	0	60s	100	1	8001
mm	632;444	0	0	0	0	60s	100	1	8001
mm	624;495	0	0	0	0	60s	100	1	8001
mm	563;425	0	0	0	0	60s	100	1	8001
mm	516;438	0	0	0	0	60s	100	1	8001
mm	617;954	0	0	0	0	60s	100	1	8002
mm	560;970	0	0	0	0	60s	100	1	8002
mm	503;1001	0	0	0	0	60s	100	1	8002
mm	405;982	0	0	0	0	60s	100	1	8002
mm	382;927	0	0	0	0	60s	100	1	8002
mm	412;896	0	0	0	0	60s	100	1	8002
mm	462;886	0	0	0	0	60s	100	1	8002
mm	446;836	0	0	0	0	60s	100	1	8002
mm	422;785	0	0	0	0	60s	100	1	8002
mm	418;734	0	0	0	0	60s	100	1	8002
mm	433;706	0	0	0	0	60s	100	1	8002
mm	464;673	0	0	0	0	60s	100	1	8002
mm	470;642	0	0	0	0	60s	100	1	8002
mm	417;607	0	0	0	0	60s	100	1	8002
mm	361;622	0	0	0	0	60s	100	1	8002
mm	286;633	0	0	0	0	60s	100	1	8002
mm	264;594	0	0	0	0	60s	100	1	8002
mm	252;546	0	0	0	0	60s	100	1	8002
mm	264;478	0	0	0	0	60s	100	1	8002
mm	264;639	0	0	0	0	60s	100	1	8002
mm	272;702	0	0	0	0	60s	100	1	8002
mm	287;766	0	0	0	0	60s	100	1	8002
mm	287;811	0	0	0	0	60s	100	1	8002
mm	258;874	0	0	0	0	60s	100	1	8002
mm	247;929	0	0	0	0	60s	100	1	8002
mm	296;990	0	0	0	0	60s	100	1	8002
mm	361;1055	0	0	0	0	60s	100	1	8002
mm	318;1122	0	0	0	0	60s	100	1	8002
mm	282;1184	0	0	0	0	60s	100	1	8002
mm	398;1149	0	0	0	0	60s	100	1	8002
mm	450;1068	0	0	0	0	60s	100	1	8002
mm	543;1068	0	0	0	0	60s	100	1	8002
mm	577;1013	0	0	0	0	60s	100	1	8002
mm	618;979	0	0	0	0	60s	100	1	8002
mm	657;984	0	0	0	0	60s	100	1	8002
mm	511;1024	0	0	0	0	60s	100	1	8002
mm	454;1024	0	0	0	0	60s	100	1	8002
mm	425;1032	0	0	0	0	60s	100	1	8002
mm	301;971	0	0	0	0	60s	100	1	8002
mm	332;978	0	0	0	0	60s	100	1	8002
mm	404;977	0	0	0	0	60s	100	1	8002
mm	351;912	0	0	0	0	60s	100	1	8002
mm	351;903	0	0	0	0	60s	100	1	8002
mm	401;773	0	0	0	0	60s	100	1	8002
mm	439;734	0	0	0	0	60s	100	1	8002
mm	464;688	0	0	0	0	60s	100	1	8002
mm	466;630	0	0	0	0	60s	100	1	8002
mm	469;577	0	0	0	0	60s	100	1	8002
mm	460;517	0	0	0	0	60s	100	1	8002
mm	693;405	0	0	0	0	60s	100	1	8002
mm	696;375	0	0	0	0	60s	100	1	8002
mm	649;368	0	0	0	0	60s	100	1	8002
mm	633;319	0	0	0	0	60s	100	1	8002
mm	613;274	0	0	0	0	60s	100	1	8002
mm	590;233	0	0	0	0	60s	100	1	8002
mm	614;172	0	0	0	0	60s	100	1	8002
mm	664;138	0	0	0	0	60s	100	1	8002
mm	716;128	0	0	0	0	60s	100	1	8002
mm	741;107	0	0	0	0	60s	100	1	8002
mm	757;90	0	0	0	0	60s	100	1	8002
mm	788;152	0	0	0	0	60s	100	1	8002
mm	776;333	0	0	0	0	60s	100	1	8002
mm	780;394	0	0	0	0	60s	100	1	8002
mm	822;450	0	0	0	0	60s	100	1	8002
mm	840;500	0	0	0	0	60s	100	1	8002
mm	850;559	0	0	0	0	60s	100	1	8002
mm	860;643	0	0	0	0	60s	100	1	8002
mm	831;723	0	0	0	0	60s	100	1	8003
mm	803;520	0	0	0	0	60s	100	1	8003
mm	770;429	0	0	0	0	60s	100	1	8003
mm	667;414	0	0	0	0	60s	100	1	8003
mm	619;454	0	0	0	0	60s	100	1	8003
mm	673;442	0	0	0	0	60s	100	1	8003
mm	580;449	0	0	0	0	60s	100	1	8003
mm	538;441	0	0	0	0	60s	100	1	8003
mm	553;354	0	0	0	0	60s	100	1	8003
mm	412;508	0	0	0	0	60s	100	1	8003
mm	340;464	0	0	0	0	60s	100	1	8003
mm	298;466	0	0	0	0	60s	100	1	8003
mm	398;551	0	0	0	0	60s	100	1	8003
mm	442;550	0	0	0	0	60s	100	1	8003
mm	438;583	0	0	0	0	60s	100	1	8003
mm	472;648	0	0	0	0	60s	100	1	8003
mm	427;698	0	0	0	0	60s	100	1	8003
mm	439;740	0	0	0	0	60s	100	1	8003
mm	427;762	0	0	0	0	60s	100	1	8003
mm	399;801	0	0	0	0	60s	100	1	8003
mm	279;775	0	0	0	0	60s	100	1	8003
mm	281;640	0	0	0	0	60s	100	1	8003
mm	250;594	0	0	0	0	60s	100	1	8003
mm	357;960	0	0	0	0	60s	100	1	8003
mm	386;956	0	0	0	0	60s	100	1	8003
mm	419;924	0	0	0	0	60s	100	1	8003
mm	478;900	0	0	0	0	60s	100	1	8003
mm	482;890	0	0	0	0	60s	100	1	8003
mm	356;1056	0	0	0	0	60s	100	1	8003
mm	304;1144	0	0	0	0	60s	100	1	8003
mm	233;1180	0	0	0	0	60s	100	1	8003
mm	246;1194	0	0	0	0	60s	100	1	8003
mm	301;1189	0	0	0	0	60s	100	1	8003
mm	253;1179	0	0	0	0	60s	100	1	8003
mm	266;1150	0	0	0	0	60s	100	1	8003
mm	492;1045	0	0	0	0	60s	100	1	8003
mm	537;1029	0	0	0	0	60s	100	1	8003
mm	583;1032	0	0	0	0	60s	100	1	8003
mm	603;976	0	0	0	0	60s	100	1	8003
mm	523;898	0	0	0	0	60s	100	1	8003
mm	527;919	0	0	0	0	60s	100	1	8003
mm	672;903	0	0	0	0	60s	100	1	8003
mm	642;911	0	0	0	0	60s	100	1	8003
mm	766;916	0	0	0	0	60s	100	1	8003
mm	827;898	0	0	0	0	60s	100	1	8003
mm	865;724	0	0	0	0	60s	100	1	8003
mm	849;669	0	0	0	0	60s	100	1	8003
mm	812;630	0	0	0	0	60s	100	1	8003
mm	856;603	0	0	0	0	60s	100	1	8003
mm	821;569	0	0	0	0	60s	100	1	8003
mm	835;480	0	0	0	0	60s	100	1	8003
mm	765;426	0	0	0	0	60s	100	1	8003
mm	745;364	0	0	0	0	60s	100	1	8003
mm	666;362	0	0	0	0	60s	100	1	8003
mm	666;332	0	0	0	0	60s	100	1	8003
mm	735;176	0	0	0	0	60s	100	1	8003
mm	678;169	0	0	0	0	60s	100	1	8003
mm	449;494	0	0	0	0	60s	100	1	8004
mm	349;470	0	0	0	0	60s	100	1	8004
mm	299;475	0	0	0	0	60s	100	1	8004
mm	329;243	0	0	0	0	60s	100	1	8004
mm	327;300	0	0	0	0	60s	100	1	8004
mm	340;239	0	0	0	0	60s	100	1	8004
mm	338;150	0	0	0	0	60s	100	1	8004
mm	338;144	0	0	0	0	60s	100	1	8004
mm	382;272	0	0	0	0	60s	100	1	8004
mm	376;234	0	0	0	0	60s	100	1	8004
mm	379;303	0	0	0	0	60s	100	1	8004
mm	357;312	0	0	0	0	60s	100	1	8004
mm	372;327	0	0	0	0	60s	100	1	8004
mm	568;210	0	0	0	0	60s	100	1	8004
mm	630;199	0	0	0	0	60s	100	1	8004
mm	718;147	0	0	0	0	60s	100	1	8004
mm	762;118	0	0	0	0	60s	100	1	8004
mm	354;848	0	0	0	0	60s	100	1	8004
mm	313;820	0	0	0	0	60s	100	1	8004
mm	311;820	0	0	0	0	60s	100	1	8004
mm	281;872	0	0	0	0	60s	100	1	8004
mm	329;811	0	0	0	0	60s	100	1	8004
mm	298;726	0	0	0	0	60s	100	1	8004
mm	300;661	0	0	0	0	60s	100	1	8004
mm	278;592	0	0	0	0	60s	100	1	8004
mm	281;535	0	0	0	0	60s	100	1	8004
mm	288;506	0	0	0	0	60s	100	1	8004
mm	303;576	0	0	0	0	60s	100	1	8004
mm	306;604	0	0	0	0	60s	100	1	8004
mm	318;623	0	0	0	0	60s	100	1	8004
mm	377;540	0	0	0	0	60s	100	1	8004
mm	380;529	0	0	0	0	60s	100	1	8004
mm	416;539	0	0	0	0	60s	100	1	8004
mm	394;562	0	0	0	0	60s	100	1	8004
mm	245;1149	0	0	0	0	60s	100	1	8004
mm	325;1167	0	0	0	0	60s	100	1	8004
mm	350;1149	0	0	0	0	60s	100	1	8004
mm	373;1080	0	0	0	0	60s	100	1	8004
mm	426;1070	0	0	0	0	60s	100	1	8004
mm	360;1079	0	0	0	0	60s	100	1	8004
mm	309;1031	0	0	0	0	60s	100	1	8004
mm	277;994	0	0	0	0	60s	100	1	8004
mm	295;1054	0	0	0	0	60s	100	1	8004
mm	342;1110	0	0	0	0	60s	100	1	8004
mm	437;1117	0	0	0	0	60s	100	1	8004
mm	407;1029	0	0	0	0	60s	100	1	8004
mm	384;992	0	0	0	0	60s	100	1	8004
mm	386;940	0	0	0	0	60s	100	1	8004
mm	386;939	0	0	0	0	60s	100	1	8004
mm	602;971	0	0	0	0	60s	100	1	8004
mm	474;885	0	0	0	0	60s	100	1	8004
mm	410;779	0	0	0	0	60s	100	1	8004
