mm	325;457	0	0	0	0	60s	100	1	8001
mm	274;413	0	0	0	0	60s	100	1	8001
mm	307;419	0	0	0	0	60s	100	1	8001
mm	389;457	0	0	0	0	60s	100	1	8001
mm	455;440	0	0	0	0	60s	100	1	8001
mm	424;449	0	0	0	0	60s	100	1	8001
mm	429;398	0	0	0	0	60s	100	1	8001
mm	376;421	0	0	0	0	60s	100	1	8001
mm	250;360	0	0	0	0	60s	100	1	8001
mm	297;344	0	0	0	0	60s	100	1	8001
mm	413;356	0	0	0	0	60s	100	1	8002
mm	399;233	0	0	0	0	60s	100	1	8002
mm	200;813	0	0	0	0	60s	100	1	8002
mm	190;711	0	0	0	0	60s	100	1	8002
mm	664;876	0	0	0	0	60s	100	1	8002
mm	718;738	0	0	0	0	60s	100	1	8002
mm	749;661	0	0	0	0	60s	100	1	8002
mm	598;766	0	0	0	0	60s	100	1	8002
mm	605;848	0	0	0	0	60s	100	1	8002
mm	509;886	0	0	0	0	60s	100	1	8002
mm	482;840	0	0	0	0	60s	100	1	8002
mm	434;874	0	0	0	0	60s	100	1	8002
mm	398;958	0	0	0	0	60s	100	1	8002
mm	620;1107	0	0	0	0	60s	100	1	8002
mm	667;1195	0	0	0	0	60s	100	1	8002
mm	153;1029	0	0	0	0	60s	100	1	8002
mm	188;947	0	0	0	0	60s	100	1	8002
mm	205;903	0	0	0	0	60s	100	1	8003
mm	74;929	0	0	0	0	60s	100	1	8003
mm	61;902	0	0	0	0	60s	100	1	8003
mm	196;837	0	0	0	0	60s	100	1	8003
mm	185;643	0	0	0	0	60s	100	1	8003
mm	414;330	0	0	0	0	60s	100	1	8003
mm	375;238	0	0	0	0	60s	100	1	8003
mm	381;284	0	0	0	0	60s	100	1	8003
mm	256;348	0	0	0	0	60s	100	1	8003
mm	686;176	0	0	0	0	60s	100	1	8004
mm	653;118	0	0	0	0	60s	100	1	8004
mm	745;97	0	0	0	0	60s	100	1	8004
mm	751;136	0	0	0	0	60s	100	1	8004
mm	712;143	0	0	0	0	60s	100	1	8004
mm	702;115	0	0	0	0	60s	100	1	8004
mm	700;370	0	0	0	0	60s	100	1	8004
mm	675;402	0	0	0	0	60s	100	1	8004
mm	584;346	0	0	0	0	60s	100	1	8004
mm	385;373	0	0	0	0	60s	100	1	8001
mm	613;677	0	0	0	0	60s	100	1	8003
mm	556;699	0	0	0	0	60s	100	1	8003
mm	519;874	0	0	0	0	60s	100	1	8003
mm	494;940	0	0	0	0	60s	100	1	8003
mm	413;1052	0	0	0	0	60s	100	1	8003
mm	362;1094	0	0	0	0	60s	100	1	8003
mm	648;1165	0	0	0	0	60s	100	1	8003
mm	691;1148	0	0	0	0	60s	100	1	8003
mm	640;1045	0	0	0	0	60s	100	1	8003
mm	470;1071	0	0	0	0	60s	100	1	8003
mm	321;1066	0	0	0	0	60s	100	1	8003
mm	372;1055	0	0	0	0	60s	100	1	8003
mm	421;1083	0	0	0	0	60s	100	1	8003
mm	147;996	0	0	0	0	60s	100	1	8003
mm	216;864	0	0	0	0	60s	100	1	8004
mm	143;897	0	0	0	0	60s	100	1	8004
mm	206;805	0	0	0	0	60s	100	1	8004
mm	216;678	0	0	0	0	60s	100	1	8004
mm	151;604	0	0	0	0	60s	100	1	8004
mm	150;571	0	0	0	0	60s	100	1	8004
mm	120;382	0	0	0	0	60s	100	1	8004
mm	103;334	0	0	0	0	60s	100	1	8004
mm	134;310	0	0	0	0	60s	100	1	8004
mm	129;357	0	0	0	0	60s	100	1	8004
mm	98;372	0	0	0	0	60s	100	1	8004
mm	453;340	0	0	0	0	60s	100	1	8001
mm	674;402	0	0	0	0	60s	100	1	8001
mm	679;488	0	0	0	0	60s	100	1	8001
mm	605;470	0	0	0	0	60s	100	1	8001
mm	611;433	0	0	0	0	60s	100	1	8001
mm	512;451	0	0	0	0	60s	100	1	8001
mm	531;411	0	0	0	0	60s	100	1	8001
mm	590;661	0	0	0	0	60s	100	1	8001
mm	566;638	0	0	0	0	60s	100	1	8001
mm	569;720	0	0	0	0	60s	100	1	8001
mm	736;681	0	0	0	0	60s	100	1	8001
mm	680;642	0	0	0	0	60s	100	1	8001
mm	169;985	0	0	0	0	60s	100	1	8001
mm	159;943	0	0	0	0	60s	100	1	8001
mm	321;198	0	0	0	0	60s	100	1	8003
mm	254;191	0	0	0	0	60s	100	1	8003
mm	255;142	0	0	0	0	60s	100	1	8003
mm	345;416	0	0	0	0	60s	100	1	8001
mm	335;383	0	0	0	0	60s	100	1	8001
mm	313;374	0	0	0	0	60s	100	1	8001
mm	272;393	0	0	0	0	60s	100	1	8001
mm	304;405	0	0	0	0	60s	100	1	8001
mm	376;459	0	0	0	0	60s	100	1	8001
mm	398;412	0	0	0	0	60s	100	1	8001
mm	432;382	0	0	0	0	60s	100	1	8001
mm	396;374	0	0	0	0	60s	100	1	8001
mm	391;349	0	0	0	0	60s	100	1	8001
mm	342;357	0	0	0	0	60s	100	1	8001
mm	337;328	0	0	0	0	60s	100	1	8001
mm	324;440	0	0	0	0	60s	100	1	8001
mm	406;449	0	0	0	0	60s	100	1	8002
mm	377;396	0	0	0	0	60s	100	1	8002
mm	347;366	0	0	0	0	60s	100	1	8002
mm	313;333	0	0	0	0	60s	100	1	8002
mm	327;303	0	0	0	0	60s	100	1	8002
mm	388;329	0	0	0	0	60s	100	1	8002
mm	401;302	0	0	0	0	60s	100	1	8002
mm	412;287	0	0	0	0	60s	100	1	8002
mm	419;272	0	0	0	0	60s	100	1	8002
mm	374;267	0	0	0	0	60s	100	1	8002
mm	384;255	0	0	0	0	60s	100	1	8002
mm	369;293	0	0	0	0	60s	100	1	8002
mm	366;313	0	0	0	0	60s	100	1	8002
mm	553;400	0	0	0	0	60s	100	1	8003
mm	613;436	0	0	0	0	60s	100	1	8003
mm	465;369	0	0	0	0	60s	100	1	8003
mm	426;330	0	0	0	0	60s	100	1	8003
mm	432;292	0	0	0	0	60s	100	1	8003
mm	431;244	0	0	0	0	60s	100	1	8003
mm	373;208	0	0	0	0	60s	100	1	8003
mm	332;219	0	0	0	0	60s	100	1	8003
mm	357;248	0	0	0	0	60s	100	1	8003
mm	329;260	0	0	0	0	60s	100	1	8003
mm	252;322	0	0	0	0	60s	100	1	8003
mm	219;340	0	0	0	0	60s	100	1	8003
mm	337;369	0	0	0	0	60s	100	1	8003
mm	371;412	0	0	0	0	60s	100	1	8003
mm	273;375	0	0	0	0	60s	100	1	8003
mm	188;384	0	0	0	0	60s	100	1	8003
mm	152;370	0	0	0	0	60s	100	1	8003
mm	152;348	0	0	0	0	60s	100	1	8003
mm	184;288	0	0	0	0	60s	100	1	8003
mm	185;247	0	0	0	0	60s	100	1	8003
mm	211;205	0	0	0	0	60s	100	1	8003
mm	501;163	0	0	0	0	60s	100	1	8003
mm	452;161	0	0	0	0	60s	100	1	8003
mm	396;154	0	0	0	0	60s	100	1	8003
mm	338;156	0	0	0	0	60s	100	1	8004
mm	310;186	0	0	0	0	60s	100	1	8004
mm	300;145	0	0	0	0	60s	100	1	8004
mm	212;162	0	0	0	0	60s	100	1	8004
mm	267;187	0	0	0	0	60s	100	1	8004
mm	172;194	0	0	0	0	60s	100	1	8004
mm	212;165	0	0	0	0	60s	100	1	8004
mm	143;546	0	0	0	0	60s	100	1	8004
mm	137;518	0	0	0	0	60s	100	1	8004
mm	131;397	0	0	0	0	60s	100	1	8004
mm	151;376	0	0	0	0	60s	100	1	8004
mm	660;366	0	0	0	0	60s	100	1	8005
mm	685;463	0	0	0	0	60s	100	1	8003
mm	684;394	0	0	0	0	60s	100	1	8003
mm	675;322	0	0	0	0	60s	100	1	8003
mm	651;273	0	0	0	0	60s	100	1	8003
mm	621;242	0	0	0	0	60s	100	1	8003
mm	619;197	0	0	0	0	60s	100	1	8003
mm	656;165	0	0	0	0	60s	100	1	8003
mm	662;230	0	0	0	0	60s	100	1	8003
mm	675;271	0	0	0	0	60s	100	1	8003
mm	691;337	0	0	0	0	60s	100	1	8003
mm	548;424	0	0	0	0	60s	100	1	8003
mm	484;412	0	0	0	0	60s	100	1	8003
mm	581;444	0	0	0	0	60s	100	1	8003
mm	643;459	0	0	0	0	60s	100	1	8003
mm	699;477	0	0	0	0	60s	100	1	8003
mm	688;507	0	0	0	0	60s	100	1	8003
mm	702;780	0	0	0	0	60s	100	1	8003
mm	696;834	0	0	0	0	60s	100	1	8003
mm	686;886	0	0	0	0	60s	100	1	8003
mm	687;911	0	0	0	0	60s	100	1	8003
mm	700;842	0	0	0	0	60s	100	1	8003
mm	713;808	0	0	0	0	60s	100	1	8003
mm	704;685	0	0	0	0	60s	100	1	8003
mm	692;648	0	0	0	0	60s	100	1	8003
mm	667;736	0	0	0	0	60s	100	1	8003
mm	632;781	0	0	0	0	60s	100	1	8003
mm	616;829	0	0	0	0	60s	100	1	8003
mm	595;813	0	0	0	0	60s	100	1	8003
mm	592;781	0	0	0	0	60s	100	1	8003
mm	510;879	0	0	0	0	60s	100	1	8003
mm	470;855	0	0	0	0	60s	100	1	8003
mm	491;870	0	0	0	0	60s	100	1	8003
mm	490;919	0	0	0	0	60s	100	1	8003
mm	171;907	0	0	0	0	60s	100	1	8003
mm	190;858	0	0	0	0	60s	100	1	8003
mm	158;857	0	0	0	0	60s	100	1	8003
mm	149;844	0	0	0	0	60s	100	1	8003
mm	130;792	0	0	0	0	60s	100	1	8003
mm	119;759	0	0	0	0	60s	100	1	8003
mm	112;730	0	0	0	0	60s	100	1	8003
mm	110;698	0	0	0	0	60s	100	1	8003
mm	114;667	0	0	0	0	60s	100	1	8003
mm	126;628	0	0	0	0	60s	100	1	8003
mm	131;627	0	0	0	0	60s	100	1	8003
mm	438;340	0	0	0	0	60s	100	1	8003
mm	438;367	0	0	0	0	60s	100	1	8003
mm	169;629	0	0	0	0	60s	100	1	8004
mm	630;387	0	0	0	0	60s	100	1	8004
mm	567;376	0	0	0	0	60s	100	1	8004
mm	629;346	0	0	0	0	60s	100	1	8004
mm	664;468	0	0	0	0	60s	100	1	8004
mm	425;1068	0	0	0	0	60s	100	1	8004
mm	207;966	0	0	0	0	60s	100	1	8004
mm	189;906	0	0	0	0	60s	100	1	8004
mm	212;748	0	0	0	0	60s	100	1	8004
mm	233;823	0	0	0	0	60s	100	1	8004
mm	390;346	0	0	0	0	60s	100	1	8004
mm	348;274	0	0	0	0	60s	100	1	8004
